binned =

   1.0e+03 *

  Columns 1 through 8

    0.1273    0.1349    0.1429    0.1514    0.1604    0.1700    0.1801    0.1908

  Columns 9 through 16

    0.2021    0.2141    0.2269    0.2404    0.2546    0.2698    0.2858    0.3028

  Columns 17 through 24

    0.3208    0.3399    0.3601    0.3815    0.4042    0.4283    0.4537    0.4807

  Columns 25 through 32

    0.5093    0.5396    0.5717    0.6057    0.6417    0.6798    0.7203    0.7631

  Columns 33 through 40

    0.8085    0.8565    0.9075    0.9614    1.0186    1.0792    1.1433    1.2113

  Columns 41 through 48

    1.2833    1.3597    1.4405    1.5262    1.6169    1.7131    1.8149    1.9228

  Columns 49 through 56

    2.0372    2.1583    2.2867    2.4226    2.5667    2.7193    2.8810    3.0523

  Columns 57 through 61

    3.2338    3.4261    3.6298    3.8457    4.0744