>> for i=1:10
	inv = invSqRoot(x(i), g);
	format long;
	inv
end

inv =

  Columns 1 through 4

   0.100000000000000   0.148500000000000   0.217837861312500   0.311251092841111

  Columns 5 through 8

   0.421646917724701   0.520025920277883   0.569095339050516   0.577174070002217

  Columns 9 through 12

   0.577350188537558   0.577350269189609   0.577350269189626   0.577350269189626


inv =

  Columns 1 through 4

   0.200000000000000   0.288000000000000   0.396168192000000   0.500984845197645

  Columns 5 through 8

   0.562867133196143   0.576809850533152   0.577349510652175   0.577350269188131

  Columns 9 through 10

   0.577350269189626   0.577350269189626


inv =

  Columns 1 through 4

   0.300000000000000   0.409500000000000   0.511246263937500   0.566430638843231

  Columns 5 through 8

   0.577042431986700   0.577350023029956   0.577350269189468   0.577350269189626

  Column 9

   0.577350269189626


inv =

  Columns 1 through 4

   0.400000000000000   0.504000000000000   0.563963904000000   0.576888305662729

  Columns 5 through 8

   0.577349714881283   0.577350269188827   0.577350269189626   0.577350269189626


inv =

  Columns 1 through 4

   0.500000000000000   0.562500000000000   0.576782226562500   0.577349431137009

  Columns 5 through 7

   0.577350269187801   0.577350269189626   0.577350269189626


inv =

  Columns 1 through 4

   0.600000000000000   0.576000000000000   0.577345536000000   0.577350269131421

  Columns 5 through 6

   0.577350269189626   0.577350269189626


inv =

  Columns 1 through 4

   0.700000000000000   0.535500000000000   0.572909829187500   0.577299172934283

  Columns 5 through 7

   0.577350262406698   0.577350269189626   0.577350269189626

