>> invFFT = problem3( fft(eye(n)), n, 'FFT');
   3.464101615137757
   3.464101615137757
   3.464101615137755
   3.464101615137755
   3.464101615137755
   3.464101615137755
   3.464101615137754
   3.464101615137754
   3.464101615137754
   3.464101615137754
   3.464101615137754
   3.464101615137754

   0.539590623023813
   0.539590623023813
   0.539590623023812
   0.539590623023812
   0.539590623023812
   0.539590623023812
   0.539590623023812
   0.539590623023812
   0.539590623023812
   0.539590623023812
   0.539590623023812
   0.539590623023812

     3.330669073875470e-16

   1.000000000000001

     1.771302929489557e-15

>> invPas = problem3( pascal(n), n, 'pascal');
   1.0e+05 *

   9.361596610200525
   0.192524613660210
   0.008904548992295
   0.000709291446909
   0.000089760956281
   0.000018503563024
   0.000005404364547
   0.000001114070127
   0.000000140985769
   0.000000011230215
   0.000000000519414
   0.000000000010682

   5.971349923510248
   4.284486260563819
   2.949611927716429
   1.850824722878883
   0.953087470752920
   0.267255363678044
  -0.267255363675011
  -0.953087470734080
  -1.850824722847789
  -2.949611927305705
  -4.284486261265897
  -5.971349885518467

  11.942699809028715

     8.763948342547639e+11

   6.590986898737203

  Columns 1 through 7

          12         -66         220        -495         792        -924         792
         -66         506       -1925        4653       -7788        9372       -8217
         220       -1925        7942      -20229       35112      -43395       38830
        -495        4653      -20229       53559      -95733      121055     -110319
         792       -7788       35112      -95733      175252     -226006      209364
        -924        9372      -43395      121055     -226006      296438     -278669
         792       -8217       38830     -110319      209364     -278669      265434
        -495        5225      -25091       72357     -139231      187705     -180915
         220       -2354       11452      -33437       65104      -88760       86464
         -66         714       -3511       10359      -20376       28056      -27594
          12        -131         650       -1935        3840       -5334        5292
          -1          11         -55         165        -330         462        -462

  Columns 8 through 12

        -495         220         -66          12          -1
        5225       -2354         714        -131          11
      -25091       11452       -3511         650         -55
       72357      -33437       10359       -1935         165
     -139231       65104      -20376        3840        -330
      187705      -88760       28056       -5334         462
     -180915       86464      -27594        5292        -462
      124661      -60182       19386       -3750         330
      -60182       29332       -9534        1860        -165
       19386       -9534        3126        -615          55
       -3750        1860        -615         122         -11
         330        -165          55         -11           1

>> invHil = problem3( hilb(12), n, 'hilbert');
   1.795372059561997
   0.380275245955037
   0.044738548752181
   0.003722312237891
   0.000233089089022
   0.000011163357483
   0.000000408237611
   0.000000011228611
   0.000000000225196
   0.000000000003111
   0.000000000000026
   0.000000000000000

   0.254154462201739
  -0.419901944099405
  -1.349318107837556
  -2.429187199849628
  -3.632478055473592
  -4.952205167661371
  -6.389086986113505
  -7.949673976375877
  -9.647438450693299
 -11.507051375090979
 -13.576796981586728
 -15.970523393085458

  16.224677855287197

     1.677559200768562e+16

Warning: Matrix is close to singular or badly scaled. Results may be inaccurate. RCOND
=  2.547634e-17. 
> In problem3 at 12 
     8.512651973961998e+10

   1.0e+15 *

  Columns 1 through 4

   0.000000000000144  -0.000000000010296   0.000000000240240  -0.000000002702700
  -0.000000000010296   0.000000000981552  -0.000000025765740   0.000000309188880
   0.000000000240240  -0.000000025765740   0.000000721440720  -0.000009018009000
  -0.000000002702700   0.000000309188880  -0.000009018009000   0.000115945830000
   0.000000017297280  -0.000002061259200   0.000061837776000  -0.000811620810000
  -0.000000068612544   0.000008409937536  -0.000257554337040   0.003434057827200
   0.000000176432256  -0.000022076086032   0.000686811565440  -0.009271956133440
  -0.000000299304720   0.000038044955520  -0.001198416098880   0.016342037712000
   0.000000332560800  -0.000042800574960   0.001361836476000  -0.018725251545000
  -0.000000232792560   0.000030263032800  -0.000970938969000   0.013443770340000
   0.000000093117024  -0.000012206089896   0.000394350596640  -0.005492740453200
  -0.000000016224936   0.000002141691552  -0.000069604975440   0.000974469656160

  Columns 5 through 8

   0.000000017297280  -0.000000068612544   0.000000176432256  -0.000000299304720
  -0.000002061259200   0.000008409937536  -0.000022076086032   0.000038044955520
   0.000061837776000  -0.000257554337040   0.000686811565440  -0.001198416098880
  -0.000811620810000   0.003434057827200  -0.009271956133440   0.016342037712000
   0.005771525760000  -0.024725216355840   0.067432408243200  -0.119841609888000
  -0.024725216355840   0.106992754412544  -0.294230074634496   0.526565596677120
   0.067432408243200  -0.294230074634496   0.814790975910912  -1.466861305029120
  -0.119841609888000   0.526565596677120  -1.466861305029120   2.654320456719360
   0.138278780640000  -0.611192210428800   1.711338189200640  -3.110531785218000
  -0.099868008240000   0.443680271274240  -1.247850762958800   2.276990587872000
   0.041012462050560  -0.183018111900624   0.516757021837056  -0.946216088737920
  -0.007308522421200   0.032742180446976  -0.092769511266432   0.170392979877120

  Columns 9 through 12

   0.000000332560800  -0.000000232792560   0.000000093117024  -0.000000016224936
  -0.000042800574960   0.000030263032800  -0.000012206089896   0.000002141691552
   0.001361836476000  -0.000970938969000   0.000394350596640  -0.000069604975440
  -0.018725251545000   0.013443770340000  -0.005492740453200   0.000974469656160
   0.138278780640000  -0.099868008240000   0.041012462050560  -0.007308522421200
  -0.611192210428800   0.443680271274240  -0.183018111900624   0.032742180446976
   1.711338189200640  -1.247850762958800   0.516757021837056  -0.092769511266432
  -3.110531785218000   2.276990587872000  -0.946216088737920   0.170392979877120
   3.659449159080000  -2.688113888460000   1.120519052452800  -0.202341663604080
  -2.688113888460000   1.980715496760000  -0.827939077645680   0.149882713780800
   1.120519052452800  -0.827939077645680   0.346945899203904  -0.062950739787936
  -0.202341663604080   0.149882713780800  -0.062950739787936   0.011445589052352

>> vanInv = problem3( vander(1:12), n, 'Van');
   1.0e+11 *

   8.057125907186423
   0.027409315022009
   0.000222892569823
   0.000003317102744
   0.000000082542195
   0.000000003351517
   0.000000000228515
   0.000000000030199
   0.000000000008316
   0.000000000001311
   0.000000000000069
   0.000000000000001

  11.906180150335008
   9.437898182351654
   7.348095591412140
   5.520758923566818
   3.916676013909139
   2.525241483988602
   1.358914852183640
   0.479988829192640
  -0.080063014966108
  -0.882407696176522
  -2.163388319102288
  -3.943355923688689

  15.849536074023696

     7.071899399198081e+15

Warning: Matrix is close to singular or badly scaled. Results may be inaccurate. RCOND
=  8.296438e-17. 
> In problem3 at 12 
     5.316956376124027e-06

   1.0e+03 *

  Columns 1 through 4

   0.012000000000000  -0.066000000000000   0.220000000000000  -0.495000000000000
  -0.025238528138528   0.171811904761905  -0.609373015873016   1.412339285714286
   0.023151111111111  -0.180237063492063   0.684019047619048  -1.642987797619048
  -0.012272943121693   0.104713766534392  -0.421434645061728   1.050495287698413
   0.004191473765432  -0.038197409611993   0.161369427910053  -0.416533374669312
  -0.000971017967372   0.009294999724427  -0.040855872464727   0.108819440310847
   0.000156082175926  -0.001551550925926   0.007044878472222  -0.019288020833333
  -0.000017444609788   0.000178621858466  -0.000833031580688   0.002335974702381
   0.000001331018519  -0.000013955026455   0.000066542658730  -0.000190500992063
  -0.000000066137566   0.000000706845238  -0.000003433641975   0.000010007440476
   0.000000001929012  -0.000000020943563   0.000000103339947  -0.000000305886243
  -0.000000000025052   0.000000000275573  -0.000000001377866   0.000000004133598

  Columns 5 through 8

   0.792000000000000  -0.924000000000000   0.792000000000000  -0.495000000000000
  -2.299342857142857   2.713366666666666  -2.344600000000000   1.474214285714286
   2.733847619047619  -3.273774444444444   2.858773333333333  -1.811795833333333
  -1.791218055555555   2.182023101851851  -1.929591388888889   1.234767757936508
   0.728407903439154  -0.904089583333333   0.810995601851852  -0.524811226851852
  -0.195042873677249   0.246830266203704  -0.224867939814815   0.147351380621693
   0.035380034722222  -0.045648333333333   0.042264618055556  -0.028073958333333
  -0.004376760912698   0.005753506944444  -0.005414965277778   0.003648735119048
   0.000363839285714  -0.000486805555556   0.000465625000000  -0.000318402777778
  -0.000019444444444   0.000026446759259  -0.000025694444444   0.000017832341270
   0.000000603505291  -0.000000833333333   0.000000821759259  -0.000000578703704
  -0.000000008267196   0.000000011574074  -0.000000011574074   0.000000008267196

  Columns 9 through 12

   0.220000000000000  -0.066000000000000   0.012000000000000  -0.001000000000000
  -0.658261904761905   0.198211904761905  -0.036147619047619   0.003019877344877
   0.814003174603175  -0.246321825396825   0.045103492063492  -0.003780813492063
  -0.558996197089947   0.170200115740741  -0.031323736772487   0.002636936728395
   0.239736954365079  -0.073534281305115   0.013616804453263  -0.001152290013228
  -0.068008242394180   0.021040276399912  -0.003924600418871   0.000334183476631
   0.013107031250000  -0.004095023148148   0.000770318287037  -0.000066076388889
  -0.001724987599206   0.000544895006614  -0.000103497850529   0.000008954199735
   0.000152554563492  -0.000048776455026   0.000009366732804  -0.000000818452381
  -0.000008664021164   0.000002806712963  -0.000000545634921   0.000000048225309
   0.000000285218254  -0.000000093694885   0.000000018463404  -0.000000001653439
  -0.000000004133598   0.000000001377866  -0.000000000275573   0.000000000025052

>> 